TR_C01: 751,2415,204,35
TR_C02: 703,2415,48,35
TR_S02: 711,2446,48,35
TR_C03: 552,2386,152,75
TR_C04: 505,2341,48,195
TR_C05: 405,3775,100,75
TR_A01: 939,2213,152,35
TR_S01: 860,2693,48,35
TR_S04: 844,3606,48,35
TR_A02: 892,2214,48,35
TR_A03: 890,2253,123,166
TR_A04: 952,1025,61,35
TR_A05: 1012,2372,100,155
TR_A06: 952,2446,60,120
TR_A08: 903,2701,48,75
TR_A07: 951,2567,61,157
TR_A09: 951,2745,48,35
TR_A10: 853,2057,100,155
TR_CHAMBER: 10,2481,152,195
TR_AI: 61,3956,48,36
TR_STEMP: 63,2676,48,35
